 4.50    0.00  1.35
 5.85    1.00  1.35
 5.85    1.00  0.0500000000000001
 5.90    2.00  0.0500000000000001
 5.95    3.00  0.0500000000000001
 6.00    4.00  0.0500000000000001
 6.00    4.00  0.0833333333333333
 6.08    5.00  0.0833333333333333
 6.17    6.00  0.0833333333333333
 6.25    7.00  0.0833333333333333
 6.33    8.00  0.0833333333333333
 6.42    9.00  0.0833333333333333
 6.50   10.00  0.0833333333333333
 6.50   10.00  0.015
 6.51   11.00  0.015
 6.53   12.00  0.015
 6.54   13.00  0.015
 6.56   14.00  0.015
 6.57   15.00  0.015
 6.59   16.00  0.015
 6.60   17.00  0.015
 6.62   18.00  0.015
 6.63   19.00  0.015
 6.65   20.00  0.015
 6.66   21.00  0.015
 6.68   22.00  0.015
 6.69   23.00  0.015
 6.71   24.00  0.015
 6.72   25.00  0.015
 6.74   26.00  0.015
 6.75   27.00  0.015
 6.77   28.00  0.015
 6.78   29.00  0.015
 6.80   30.00  0.015
 6.80   30.00  0.13125
 6.93   31.00  0.13125
 7.06   32.00  0.13125
 7.19   33.00  0.13125
 7.32   34.00  0.13125
 7.46   35.00  0.13125
 7.59   36.00  0.13125
 7.72   37.00  0.13125
 7.85   38.00  0.13125
 7.85   38.00  0.0159090909090909
 7.87   39.00  0.0159090909090909
 7.88   40.00  0.0159090909090909
 7.90   41.00  0.0159090909090909
 7.91   42.00  0.0159090909090909
 7.93   43.00  0.0159090909090909
 7.95   44.00  0.0159090909090909
 7.96   45.00  0.0159090909090909
 7.98   46.00  0.0159090909090909
 7.99   47.00  0.0159090909090909
 8.01   48.00  0.0159090909090909
 8.02   49.00  0.0159090909090909
 8.04   50.00  0.0159090909090909
 8.06   51.00  0.0159090909090909
 8.07   52.00  0.0159090909090909
 8.09   53.00  0.0159090909090909
 8.10   54.00  0.0159090909090909
 8.12   55.00  0.0159090909090909
 8.14   56.00  0.0159090909090909
 8.15   57.00  0.0159090909090909
 8.17   58.00  0.0159090909090909
 8.18   59.00  0.0159090909090909
 8.20   60.00  0.0159090909090909
